14
10000
60.0      0   0      0   0         -0    4    0   0    0     0
60.0      0   0      0   0         -2    7    0   0    0     6
59.9      0  -2      0   0         -4   11    0   5    0    10
59.8      5  -5      0   0         -6   14    0   2    0    17
59.8      5  -5     -2   0         -8   16    6   3    0    21
59.8      7  -5     -3   1        -11   14   10   4    0    23
59.7     10  -5     -4   2        -12   12   17   4.5  0    18
59.7     12  -5     -6   5        -14   10   21   5    0    13
59.7     12  -5     -8   8        -12    9   23   6    0     8
59.6     15  -5    -10  10        -10    7   18   7    0     5
59.7     12  -5    -15   8         -4    2   13   5    0     0
59.8     10  -5    -12   6         -2    1    8   3    0     0
59.9      7  -5    -10   4          0    0    5   0    0     0
60.0      5  -2     -5   1          0    0    0   0    0     0