14
10000
60.0      0   0      0   0        -10   15 0        0   0 0
60.0      0   0      0   0        -15   30 0        7   3 0
59.9      0  -2      0   0        -20   40 0       20   5 0
59.8      5  -5      0   0        -20   45 0       12   0 0
59.8      5  -5     -2   0        -28   50 0       14   0 0
59.8      7  -5     -3   1        -31   45 0       16   0 0
59.7     10  -5     -4   2        -35   40 0       17   0 0
59.7     12  -5     -6   5        -40   35 0       20   0 0
59.7     12  -5     -8   8        -35   32 0       22   0 0
59.6     15  -5    -10  10        -30   30 0       25   0 0
59.7     12  -5    -15   8        -20   15 0       20   0 0
59.8     10  -5    -12   6        -15   12 0       15   0 0
59.9      7  -5    -10   4        -10   10 0       10   0 0
60.0      5  -2     -5   1         -7    7 0        5   0 0