31
10000
60.0      0   0      0   0         -1    1   0        0   0 0
60.0      0   0      0   0         -6    7   0        0   0 0
60.0      0   0      0   0        -10   15   0        0   0 0
60.0      0   0      0   0        -12   22  -10        3   0 0
60.0      0   0      0   0        -15   30  -13        7   3 0
59.9      0  -1      0   0        -17   35  -15       14   4 0
59.9      0  -2      0   0        -20   40  -17       20   5 0
59.8      3  -4      0   0        -20   42  -20       16   3 0
59.8      5  -5      0   0        -20   45  -23       12   0 0
59.8      5  -5     -1   0        -24   47  -25       13   0 0
59.8      5  -5     -2   0        -28   50  -23       14   0 0
59.8      6  -5     -3   0        -30   47  -22       15   0 0
59.8      7  -5     -3   1        -31   45  -21       16   0 0
59.7      8  -5     -4   1        -33   43  -20       17   0 0
59.7     10  -5     -4   2        -35   40  -19       17   0 0
59.7     11  -5     -5   4        -37   38  -17       19   0 0
59.7     12  -5     -6   5        -40   35  -17       20   0 0
59.7     12  -5     -7   6        -37   34  -16       21   0 0
59.7     12  -5     -8   8        -35   32  -15       22   0 0
59.6     13  -5     -9   9        -33   31  -14       23   0 0
59.6     15  -5    -10  10        -30   30  -13       25   0 0
59.7     13  -5    -13   9        -25   22  -12       23   0 0
59.7     12  -5    -15   8        -20   15  -16       20   0 0
59.8     11  -5    -13   7        -17   13  -20       17   0 0
59.8     10  -5    -12   6        -15   12  -14       15   0 0
59.9      8  -5    -11   5        -13   11   -7       13   0 0
59.9      7  -5    -10   4        -10   10   -3       10   0 0
60.0      6  -3     -7   3         -8    8   0        7   0 0
60.0      5  -2     -5   1         -7    7   0        5   0 0
60.0      2   0     -2   0         -3    3   0        2   0 0
60.0      0   0      0   0          0    0   0        0   0 0